------------------------------------------------------------------------------------------------------------
Test id: 1
Note: This are the results from a SINGLE observation using the following values
Compensation: 0.0€
OC probability: 1%


 DAY | NEW PACKAGES |     DELIVERIES     | ACCUMULATED DELIVERIES |         COSTS          | LOCKER STATUS |
 t   | home    lckr | pf     oc     lckr | pf       oc       lckr | pf       oc        ACC | home     lckr |
------------------------------------------------------------------------------------------------------------
 1   | 3       10   | 0      0      0    | 0        0        0    | 0,0     0,0        0,0 | 3        10   |
 2   | 18      18   | 3      0      8    | 3        0        8    | 3,0     0,0        3,0 | 18       20   |
 3   | 22      26   | 18     0      14   | 21       0        22   | 26,0    0,0       29,0 | 22       32   |
 4   | 21      24   | 22     0      23   | 43       0        45   | 34,0    0,0       63,0 | 21       33   |
 5   | 9       15   | 21     0      21   | 64       0        66   | 32,0    0,0       95,0 | 9        27   |
 6   | 15      17   | 9      0      22   | 73       0        88   | 9,0     0,0      104,0 | 15       22   |
 7   | 10      7    | 15     0      18   | 88       0        106  | 20,0    0,0      124,0 | 10       11   |
 8   | 11      14   | 10     0      10   | 98       0        116  | 10,0    0,0      134,0 | 11       15   |
 9   | 26      22   | 11     0      13   | 109      0        129  | 12,0    0,0      146,0 | 26       24   |
 10  | 17      17   | 25     1      21   | 134      1        150  | 40,0    0,0      186,0 | 17       20   |
 11  | 17      15   | 17     0      15   | 151      1        165  | 24,0    0,0      210,0 | 17       20   |
 12  | 12      17   | 17     0      13   | 168      1        178  | 24,0    0,0      234,0 | 12       24   |
 13  | 23      22   | 12     0      15   | 180      1        193  | 14,0    0,0      248,0 | 23       31   |
 14  | 18      29   | 22     1      22   | 202      2        215  | 34,0    0,0      282,0 | 18       38   |
 15  | 2       8    | 18     0      27   | 220      2        242  | 26,0    0,0      308,0 | 2        19   |
 16  | 24      19   | 2      0      14   | 222      2        256  | 2,0     0,0      310,0 | 24       24   |
 17  | 23      25   | 24     0      17   | 246      2        273  | 38,0    0,0      348,0 | 23       32   |
 18  | 16      22   | 23     0      21   | 269      2        294  | 36,0    0,0      384,0 | 16       33   |
 19  | 24      16   | 16     0      26   | 285      2        320  | 22,0    0,0      406,0 | 24       23   |
 20  | 33      17   | 23     1      14   | 308      3        334  | 36,0    0,0      442,0 | 33       26   |
 21  | 14      20   | 33     0      17   | 341      3        351  | 56,0    0,0      498,0 | 14       29   |
 22  | 19      28   | 13     1      22   | 354      4        373  | 16,0    0,0      514,0 | 19       35   |
 23  | 12      8    | 19     0      25   | 373      4        398  | 28,0    0,0      542,0 | 12       18   |
 24  | 21      27   | 12     0      11   | 385      4        409  | 14,0    0,0      556,0 | 21       34   |
 25  | 11      16   | 21     0      28   | 406      4        437  | 32,0    0,0      588,0 | 11       22   |
 26  | 7       8    | 11     0      18   | 417      4        455  | 12,0    0,0      600,0 | 7        12   |
 27  | 21      11   | 7      0      9    | 424      4        464  | 7,0     0,0      607,0 | 21       14   |
 28  | 19      25   | 21     0      9    | 445      4        473  | 32,0    0,0      639,0 | 19       30   |
 29  | 19      17   | 19     0      23   | 464      4        496  | 28,0    0,0      667,0 | 19       24   |
 30  | 16      12   | 19     0      17   | 483      4        513  | 28,0    0,0      695,0 | 16       19   |
 31  | 22      19   | 16     0      13   | 499      4        526  | 22,0    0,0      717,0 | 22       25   |
 32  | 20      27   | 22     0      22   | 521      4        548  | 34,0    0,0      751,0 | 20       30   |
 33  | 23      26   | 20     0      25   | 541      4        573  | 30,0    0,0      781,0 | 23       31   |
 34  | 20      20   | 23     0      24   | 564      4        597  | 36,0    0,0      817,0 | 20       27   |
 35  | 29      18   | 20     0      19   | 584      4        616  | 30,0    0,0      847,0 | 29       26   |
 36  | 21      21   | 29     0      21   | 613      4        637  | 48,0    0,0      895,0 | 21       26   |
 37  | 14      20   | 21     0      22   | 634      4        659  | 32,0    0,0      927,0 | 14       24   |
 38  | 17      22   | 13     1      18   | 647      5        677  | 16,0    0,0      943,0 | 17       28   |
 39  | 11      15   | 17     0      22   | 664      5        699  | 24,0    0,0      967,0 | 11       21   |
 40  | 27      19   | 11     0      17   | 675      5        716  | 12,0    0,0      979,0 | 27       23   |
 41  | 15      24   | 27     0      17   | 702      5        733  | 44,0    0,0     1023,0 | 15       30   |
 42  | 16      10   | 15     0      19   | 717      5        752  | 20,0    0,0     1043,0 | 16       21   |
 43  | 17      12   | 16     0      16   | 733      5        768  | 22,0    0,0     1065,0 | 17       17   |
 44  | 11      16   | 17     0      10   | 750      5        778  | 24,0    0,0     1089,0 | 11       23   |
 45  | 13      12   | 11     0      14   | 761      5        792  | 12,0    0,0     1101,0 | 13       21   |
 46  | 15      11   | 13     0      13   | 774      5        805  | 16,0    0,0     1117,0 | 15       19   |
 47  | 20      18   | 15     0      14   | 789      5        819  | 20,0    0,0     1137,0 | 20       23   |
 48  | 26      15   | 20     0      17   | 809      5        836  | 30,0    0,0     1167,0 | 26       21   |
 49  | 7       3    | 26     0      15   | 835      5        851  | 42,0    0,0     1209,0 | 7        9    |
 50  | 17      26   | 7      0      8    | 842      5        859  | 7,0     0,0     1216,0 | 17       27   |
 51  | 26      20   | 17     0      21   | 859      5        880  | 24,0    0,0     1240,0 | 26       26   |
 52  | 16      15   | 25     1      15   | 884      6        895  | 40,0    0,0     1280,0 | 16       26   |
 53  | 5       10   | 16     0      18   | 900      6        913  | 22,0    0,0     1302,0 | 5        18   |
 54  | 11      12   | 5      0      17   | 905      6        930  | 5,0     0,0     1307,0 | 11       13   |
 55  | 16      32   | 11     0      7    | 916      6        937  | 12,0    0,0     1319,0 | 16       38   |
 56  | 11      19   | 16     0      28   | 932      6        965  | 22,0    0,0     1341,0 | 11       29   |
 57  | 16      11   | 11     0      24   | 943      6        989  | 12,0    0,0     1353,0 | 16       16   |
 58  | 18      20   | 16     0      12   | 959      6        1001 | 22,0    0,0     1375,0 | 18       24   |
 59  | 6       7    | 17     1      17   | 976      7        1018 | 24,0    0,0     1399,0 | 6        14   |
 60  | 8       4    | 6      0      12   | 982      7        1030 | 6,0     0,0     1405,0 | 8        6    |
 61  | 21      21   | 8      0      4    | 990      7        1034 | 8,0     0,0     1413,0 | 21       23   |
 62  | 18      20   | 20     1      15   | 1010     8        1049 | 30,0    0,0     1443,0 | 18       28   |
 63  | 10      5    | 18     0      19   | 1028     8        1068 | 26,0    0,0     1469,0 | 10       14   |
 64  | 10      15   | 10     0      10   | 1038     8        1078 | 10,0    0,0     1479,0 | 10       19   |
 65  | 16      8    | 10     0      15   | 1048     8        1093 | 10,0    0,0     1489,0 | 16       12   |
 66  | 20      26   | 16     0      8    | 1064     8        1101 | 22,0    0,0     1511,0 | 20       30   |
 67  | 11      8    | 20     0      25   | 1084     8        1126 | 30,0    0,0     1541,0 | 11       13   |
 68  | 20      24   | 11     0      11   | 1095     8        1137 | 12,0    0,0     1553,0 | 20       26   |
 69  | 14      7    | 20     0      19   | 1115     8        1156 | 30,0    0,0     1583,0 | 14       14   |
 70  | 20      19   | 14     0      8    | 1129     8        1164 | 18,0    0,0     1601,0 | 20       25   |
 71  | 19      29   | 20     0      20   | 1149     8        1184 | 30,0    0,0     1631,0 | 19       34   |
 72  | 7       11   | 19     0      29   | 1168     8        1213 | 28,0    0,0     1659,0 | 7        16   |
 73  | 6       14   | 7      0      12   | 1175     8        1225 | 7,0     0,0     1666,0 | 6        18   |
 74  | 16      12   | 6      0      13   | 1181     8        1238 | 6,0     0,0     1672,0 | 16       17   |
 75  | 8       5    | 16     0      13   | 1197     8        1251 | 22,0    0,0     1694,0 | 8        9    |
 76  | 17      18   | 8      0      8    | 1205     8        1259 | 8,0     0,0     1702,0 | 17       19   |
 77  | 6       13   | 17     0      13   | 1222     8        1272 | 24,0    0,0     1726,0 | 6        19   |
 78  | 24      20   | 5      1      13   | 1227     9        1285 | 5,0     0,0     1731,0 | 24       26   |
 79  | 14      11   | 24     0      21   | 1251     9        1306 | 38,0    0,0     1769,0 | 14       16   |
 80  | 12      10   | 14     0      13   | 1265     9        1319 | 18,0    0,0     1787,0 | 12       13   |
 81  | 14      15   | 12     0      10   | 1277     9        1329 | 14,0    0,0     1801,0 | 14       18   |
 82  | 21      17   | 14     0      11   | 1291     9        1340 | 18,0    0,0     1819,0 | 21       24   |
 83  | 15      17   | 21     0      17   | 1312     9        1357 | 32,0    0,0     1851,0 | 15       24   |
 84  | 18      16   | 15     0      18   | 1327     9        1375 | 20,0    0,0     1871,0 | 18       22   |
 85  | 11      14   | 17     1      19   | 1344     10       1394 | 24,0    0,0     1895,0 | 11       17   |
 86  | 14      19   | 11     0      14   | 1355     10       1408 | 12,0    0,0     1907,0 | 14       22   |
 87  | 11      7    | 14     0      16   | 1369     10       1424 | 18,0    0,0     1925,0 | 11       13   |
 88  | 12      21   | 11     0      10   | 1380     10       1434 | 12,0    0,0     1937,0 | 12       24   |
 89  | 12      5    | 12     0      18   | 1392     10       1452 | 14,0    0,0     1951,0 | 12       11   |
 90  | 19      19   | 11     1      9    | 1403     11       1461 | 12,0    0,0     1963,0 | 19       21   |
 91  | 5       14   | 19     0      15   | 1422     11       1476 | 28,0    0,0     1991,0 | 5        20   |
 92  | 6       9    | 5      0      15   | 1427     11       1491 | 5,0     0,0     1996,0 | 6        14   |
 93  | 8       15   | 6      0      11   | 1433     11       1502 | 6,0     0,0     2002,0 | 8        18   |
 94  | 18      21   | 7      1      14   | 1440     12       1516 | 7,0     0,0     2009,0 | 18       25   |
 95  | 12      14   | 18     0      20   | 1458     12       1536 | 26,0    0,0     2035,0 | 12       19   |
 96  | 11      6    | 11     1      10   | 1469     13       1546 | 12,0    0,0     2047,0 | 11       15   |
 97  | 26      17   | 11     0      10   | 1480     13       1556 | 12,0    0,0     2059,0 | 26       22   |
 98  | 16      16   | 26     0      18   | 1506     13       1574 | 42,0    0,0     2101,0 | 16       20   |
 99  | 6       7    | 16     0      16   | 1522     13       1590 | 22,0    0,0     2123,0 | 6        11   |
 100 | 11      12   | 6      0      6    | 1528     13       1596 | 6,0     0,0     2129,0 | 11       17   |
 101 | 17      20   | 11     0      12   | 1539     13       1608 | 12,0    0,0     2141,0 | 17       25   |
 102 | 11      11   | 15     2      20   | 1554     15       1628 | 20,0    0,0     2161,0 | 11       16   |
 103 | 23      25   | 11     0      11   | 1565     15       1639 | 12,0    0,0     2173,0 | 23       30   |
 104 | 24      16   | 23     0      21   | 1588     15       1660 | 36,0    0,0     2209,0 | 24       25   |
 105 | 23      23   | 24     0      17   | 1612     15       1677 | 38,0    0,0     2247,0 | 23       31   |
 106 | 20      20   | 23     0      25   | 1635     15       1702 | 36,0    0,0     2283,0 | 20       26   |
 107 | 15      12   | 20     0      20   | 1655     15       1722 | 30,0    0,0     2313,0 | 15       18   |
 108 | 16      14   | 15     0      16   | 1670     15       1738 | 20,0    0,0     2333,0 | 16       16   |
 109 | 18      12   | 16     0      11   | 1686     15       1749 | 22,0    0,0     2355,0 | 18       17   |
 110 | 22      8    | 18     0      14   | 1704     15       1763 | 26,0    0,0     2381,0 | 22       11   |
 111 | 3       11   | 22     0      9    | 1726     15       1772 | 34,0    0,0     2415,0 | 3        13   |
 112 | 13      8    | 3      0      10   | 1729     15       1782 | 3,0     0,0     2418,0 | 13       11   |
 113 | 25      12   | 13     0      8    | 1742     15       1790 | 16,0    0,0     2434,0 | 25       15   |
 114 | 20      25   | 25     0      12   | 1767     15       1802 | 40,0    0,0     2474,0 | 20       28   |
 115 | 29      17   | 20     0      23   | 1787     15       1825 | 30,0    0,0     2504,0 | 29       22   |
 116 | 8       9    | 29     0      18   | 1816     15       1843 | 48,0    0,0     2552,0 | 8        13   |
 117 | 22      17   | 8      0      8    | 1824     15       1851 | 8,0     0,0     2560,0 | 22       22   |
 118 | 10      8    | 22     0      17   | 1846     15       1868 | 34,0    0,0     2594,0 | 10       13   |
 119 | 23      23   | 10     0      9    | 1856     15       1877 | 10,0    0,0     2604,0 | 23       27   |
 120 | 24      17   | 23     0      21   | 1879     15       1898 | 36,0    0,0     2640,0 | 24       23   |
--------------------
Compensation: 0.0€
OC probability: 1%

Total cost: (2437,9 ; 2444,5)

Maximum number of packages stored: (59 ; 59)

------------------------------------------------------------------------------------------------------------
Test id: 2
Note: This are the results from a SINGLE observation using the following values
Compensation: 0.5€
OC probability: 25%


 DAY | NEW PACKAGES |     DELIVERIES     | ACCUMULATED DELIVERIES |         COSTS          | LOCKER STATUS |
 t   | home    lckr | pf     oc     lckr | pf       oc       lckr | pf       oc        ACC | home     lckr |
------------------------------------------------------------------------------------------------------------
 1   | 18      13   | 0      0      0    | 0        0        0    | 0,0     0,0        0,0 | 18       13   |
 2   | 6       5    | 18     0      9    | 18       0        9    | 26,0    0,0       26,0 | 6        9    |
 3   | 12      20   | 3      3      7    | 21       3        16   | 3,0     1,5       30,5 | 12       22   |
 4   | 17      29   | 2      10     21   | 23       13       37   | 2,0     5,0       37,5 | 17       30   |
 5   | 25      24   | 13     4      23   | 36       17       60   | 16,0    2,0       55,5 | 25       31   |
 6   | 15      9    | 19     6      24   | 55       23       84   | 28,0    3,0       86,5 | 15       16   |
 7   | 14      16   | 12     3      14   | 67       26       98   | 14,0    1,5      102,0 | 14       18   |
 8   | 8       7    | 12     2      11   | 79       28       109  | 14,0    1,0      117,0 | 8        14   |
 9   | 8       4    | 5      3      12   | 84       31       121  | 5,0     1,5      123,5 | 8        6    |
 10  | 16      15   | 8      0      4    | 92       31       125  | 8,0     0,0      131,5 | 16       17   |
 11  | 17      12   | 13     3      16   | 105      34       141  | 16,0    1,5      149,0 | 17       13   |
 12  | 17      19   | 13     4      10   | 118      38       151  | 16,0    2,0      167,0 | 17       22   |
 13  | 14      21   | 13     4      17   | 131      42       168  | 16,0    2,0      185,0 | 14       26   |
 14  | 22      18   | 10     4      20   | 141      46       188  | 10,0    2,0      197,0 | 22       24   |
 15  | 19      18   | 16     6      20   | 157      52       208  | 22,0    3,0      222,0 | 19       22   |
 16  | 17      27   | 11     8      16   | 168      60       224  | 12,0    4,0      238,0 | 17       33   |
 17  | 12      6    | 9      8      24   | 177      68       248  | 9,0     4,0      251,0 | 12       15   |
 18  | 10      18   | 11     1      14   | 188      69       262  | 12,0    0,5      263,5 | 10       19   |
 19  | 21      14   | 4      6      16   | 192      75       278  | 4,0     3,0      270,5 | 21       17   |
 20  | 17      17   | 18     3      11   | 210      78       289  | 26,0    1,5      298,0 | 17       23   |
 21  | 24      26   | 15     2      19   | 225      80       308  | 20,0    1,0      319,0 | 24       30   |
 22  | 15      24   | 22     2      23   | 247      82       331  | 34,0    1,0      354,0 | 15       31   |
 23  | 15      7    | 10     5      18   | 257      87       349  | 10,0    2,5      366,5 | 15       20   |
 24  | 4       7    | 14     1      15   | 271      88       364  | 18,0    0,5      385,0 | 4        12   |
 25  | 13      15   | 1      3      9    | 272      91       373  | 1,0     1,5      387,5 | 13       18   |
 26  | 16      21   | 11     2      12   | 283      93       385  | 12,0    1,0      400,5 | 16       27   |
 27  | 24      20   | 12     4      17   | 295      97       402  | 14,0    2,0      416,5 | 24       30   |
 28  | 13      18   | 20     4      26   | 315      101      428  | 30,0    2,0      448,5 | 13       22   |
 29  | 7       3    | 10     3      16   | 325      104      444  | 10,0    1,5      460,0 | 7        9    |
 30  | 17      13   | 5      2      9    | 330      106      453  | 5,0     1,0      466,0 | 17       13   |
 31  | 8       10   | 15     2      9    | 345      108      462  | 20,0    1,0      487,0 | 8        14   |
 32  | 14      11   | 3      5      12   | 348      113      474  | 3,0     2,5      492,5 | 14       13   |
 33  | 21      16   | 12     2      12   | 360      115      486  | 14,0    1,0      507,5 | 21       17   |
 34  | 27      23   | 13     8      15   | 373      123      501  | 16,0    4,0      527,5 | 27       25   |
 35  | 15      18   | 23     4      17   | 396      127      518  | 36,0    2,0      565,5 | 15       26   |
 36  | 21      21   | 12     3      17   | 408      130      535  | 14,0    1,5      581,0 | 21       30   |
 37  | 10      7    | 13     8      24   | 421      138      559  | 16,0    4,0      601,0 | 10       13   |
 38  | 17      17   | 9      1      10   | 430      139      569  | 9,0     0,5      610,5 | 17       20   |
 39  | 6       6    | 15     2      15   | 445      141      584  | 20,0    1,0      631,5 | 6        11   |
 40  | 22      15   | 5      1      8    | 450      142      592  | 5,0     0,5      637,0 | 22       18   |
 41  | 20      14   | 19     3      13   | 469      145      605  | 28,0    1,5      666,5 | 20       19   |
 42  | 6       10   | 19     1      13   | 488      146      618  | 28,0    0,5      695,0 | 6        16   |
 43  | 15      12   | 1      5      12   | 489      151      630  | 1,0     2,5      698,5 | 15       16   |
 44  | 21      20   | 13     2      12   | 502      153      642  | 16,0    1,0      715,5 | 21       24   |
 45  | 17      22   | 17     4      16   | 519      157      658  | 24,0    2,0      741,5 | 17       30   |
 46  | 20      21   | 11     6      20   | 530      163      678  | 12,0    3,0      756,5 | 20       31   |
 47  | 23      21   | 15     5      26   | 545      168      704  | 20,0    2,5      779,0 | 23       26   |
 48  | 21      27   | 20     3      15   | 565      171      719  | 30,0    1,5      810,5 | 21       38   |
 49  | 21      23   | 17     4      25   | 582      175      744  | 24,0    2,0      836,5 | 21       36   |
 50  | 6       4    | 16     5      25   | 598      180      769  | 22,0    2,5      861,0 | 6        15   |
 51  | 16      12   | 3      3      10   | 601      183      779  | 3,0     1,5      865,5 | 16       17   |
 52  | 9       11   | 11     5      16   | 612      188      795  | 12,0    2,5      880,0 | 9        12   |
 53  | 9       10   | 6      3      11   | 618      191      806  | 6,0     1,5      887,5 | 9        11   |
 54  | 7       4    | 8      1      5    | 626      192      811  | 8,0     0,5      896,0 | 7        10   |
 55  | 10      12   | 7      0      7    | 633      192      818  | 7,0     0,0      903,0 | 10       15   |
 56  | 11      12   | 7      3      11   | 640      195      829  | 7,0     1,5      911,5 | 11       16   |
 57  | 15      16   | 8      3      15   | 648      198      844  | 8,0     1,5      921,0 | 15       17   |
 58  | 22      11   | 12     3      14   | 660      201      858  | 14,0    1,5      936,5 | 22       14   |
 59  | 20      21   | 18     4      11   | 678      205      869  | 26,0    2,0      964,5 | 20       24   |
 60  | 5       5    | 13     7      13   | 691      212      882  | 16,0    3,5      984,0 | 5        16   |
 61  | 6       10   | 3      2      10   | 694      214      892  | 3,0     1,0      988,0 | 6        16   |
 62  | 6       4    | 5      1      9    | 699      215      901  | 5,0     0,5      993,5 | 6        11   |
 63  | 13      8    | 3      3      8    | 702      218      909  | 3,0     1,5      998,0 | 13       11   |
 64  | 15      15   | 10     3      9    | 712      221      918  | 10,0    1,5     1009,5 | 15       17   |
 65  | 22      20   | 12     3      11   | 724      224      929  | 14,0    1,5     1025,0 | 22       26   |
 66  | 24      24   | 15     7      22   | 739      231      951  | 20,0    3,5     1048,5 | 24       28   |
 67  | 11      11   | 16     8      22   | 755      239      973  | 22,0    4,0     1074,5 | 11       17   |
 68  | 10      8    | 8      3      14   | 763      242      987  | 8,0     1,5     1084,0 | 10       11   |
 69  | 24      23   | 9      1      8    | 772      243      995  | 9,0     0,5     1093,5 | 24       26   |
 70  | 26      23   | 20     4      18   | 792      247      1013 | 30,0    2,0     1125,5 | 26       31   |
 71  | 15      27   | 19     7      22   | 811      254      1035 | 28,0    3,5     1157,0 | 15       36   |
 72  | 9       9    | 5      10     28   | 816      264      1063 | 5,0     5,0     1167,0 | 9        17   |
 73  | 29      18   | 4      5      12   | 820      269      1075 | 4,0     2,5     1173,5 | 29       23   |
 74  | 20      23   | 23     6      20   | 843      275      1095 | 36,0    3,0     1212,5 | 20       26   |
 75  | 18      12   | 17     3      20   | 860      278      1115 | 24,0    1,5     1238,0 | 18       18   |
 76  | 8       9    | 12     6      13   | 872      284      1128 | 14,0    3,0     1255,0 | 8        14   |
 77  | 23      24   | 7      1      10   | 879      285      1138 | 7,0     0,5     1262,5 | 23       28   |
 78  | 16      16   | 16     7      24   | 895      292      1162 | 22,0    3,5     1288,0 | 16       20   |
 79  | 8       10   | 10     6      16   | 905      298      1178 | 10,0    3,0     1301,0 | 8        14   |
 80  | 27      19   | 5      3      8    | 910      301      1186 | 5,0     1,5     1307,5 | 27       25   |
 81  | 8       13   | 23     4      20   | 933      305      1206 | 36,0    2,0     1345,5 | 8        18   |
 82  | 13      16   | 4      4      14   | 937      309      1220 | 4,0     2,0     1351,5 | 13       20   |
 83  | 12      4    | 11     2      14   | 948      311      1234 | 12,0    1,0     1364,5 | 12       10   |
 84  | 25      21   | 10     2      9    | 958      313      1243 | 10,0    1,0     1375,5 | 25       22   |
 85  | 21      17   | 21     4      15   | 979      317      1258 | 32,0    2,0     1409,5 | 21       24   |
 86  | 8       13   | 19     2      17   | 998      319      1275 | 28,0    1,0     1438,5 | 8        20   |
 87  | 2       9    | 6      2      17   | 1004     321      1292 | 6,0     1,0     1445,5 | 2        12   |
 88  | 16      12   | 0      2      10   | 1004     323      1302 | 0,0     1,0     1446,5 | 16       14   |
 89  | 3       14   | 13     3      9    | 1017     326      1311 | 16,0    1,5     1464,0 | 3        19   |
 90  | 11      6    | 1      2      14   | 1018     328      1325 | 1,0     1,0     1466,0 | 11       11   |
 91  | 14      15   | 11     0      7    | 1029     328      1332 | 12,0    0,0     1478,0 | 14       19   |
 92  | 11      15   | 13     1      12   | 1042     329      1344 | 16,0    0,5     1494,5 | 11       22   |
 93  | 7       7    | 5      6      20   | 1047     335      1364 | 5,0     3,0     1502,5 | 7        9    |
 94  | 21      27   | 6      1      8    | 1053     336      1372 | 6,0     0,5     1509,0 | 21       28   |
 95  | 17      18   | 14     7      22   | 1067     343      1394 | 18,0    3,5     1530,5 | 17       24   |
 96  | 8       13   | 12     5      19   | 1079     348      1413 | 14,0    2,5     1547,0 | 8        18   |
 97  | 13      17   | 6      2      13   | 1085     350      1426 | 6,0     1,0     1554,0 | 13       22   |
 98  | 24      22   | 10     3      17   | 1095     353      1443 | 10,0    1,5     1565,5 | 24       27   |
 99  | 3       8    | 20     4      20   | 1115     357      1463 | 30,0    2,0     1597,5 | 3        15   |
 100 | 9       3    | 0      3      13   | 1115     360      1476 | 0,0     1,5     1599,0 | 9        5    |
 101 | 17      31   | 8      1      5    | 1123     361      1481 | 8,0     0,5     1607,5 | 17       31   |
 102 | 9       3    | 11     6      21   | 1134     367      1502 | 12,0    3,0     1622,5 | 9        13   |
 103 | 17      17   | 7      2      11   | 1141     369      1513 | 7,0     1,0     1630,5 | 17       19   |
 104 | 8       11   | 15     2      14   | 1156     371      1527 | 20,0    1,0     1651,5 | 8        16   |
 105 | 10      13   | 6      2      12   | 1162     373      1539 | 6,0     1,0     1658,5 | 10       17   |
 106 | 16      19   | 8      2      13   | 1170     375      1552 | 8,0     1,0     1667,5 | 16       23   |
 107 | 11      5    | 11     5      14   | 1181     380      1566 | 12,0    2,5     1682,0 | 11       14   |
 108 | 12      9    | 9      2      10   | 1190     382      1576 | 9,0     1,0     1692,0 | 12       13   |
 109 | 8       6    | 10     2      10   | 1200     384      1586 | 10,0    1,0     1703,0 | 8        9    |
 110 | 15      17   | 7      1      4    | 1207     385      1590 | 7,0     0,5     1710,5 | 15       22   |
 111 | 17      15   | 13     2      19   | 1220     387      1609 | 16,0    1,0     1727,5 | 17       18   |
 112 | 7       12   | 15     2      13   | 1235     389      1622 | 20,0    1,0     1748,5 | 7        17   |
 113 | 18      19   | 5      2      15   | 1240     391      1637 | 5,0     1,0     1754,5 | 18       21   |
 114 | 14      21   | 12     6      16   | 1252     397      1653 | 14,0    3,0     1771,5 | 14       26   |
 115 | 25      22   | 9      5      22   | 1261     402      1675 | 9,0     2,5     1783,0 | 25       26   |
 116 | 19      7    | 19     6      17   | 1280     408      1692 | 28,0    3,0     1814,0 | 19       16   |
 117 | 12      14   | 12     7      15   | 1292     415      1707 | 14,0    3,5     1831,5 | 12       15   |
 118 | 18      27   | 8      4      12   | 1300     419      1719 | 8,0     2,0     1841,5 | 18       30   |
 119 | 17      22   | 13     5      23   | 1313     424      1742 | 16,0    2,5     1860,0 | 17       29   |
 120 | 21      24   | 11     6      22   | 1324     430      1764 | 12,0    3,0     1875,0 | 21       31   |
--------------------
Compensation: 0.5€
OC probability: 25%

Total cost: (1935,8 ; 1941,3)

Maximum number of packages stored: (59 ; 59)

------------------------------------------------------------------------------------------------------------
Test id: 3
Note: This are the results from a SINGLE observation using the following values
Compensation: 1.0€
OC probability: 50%


 DAY | NEW PACKAGES |     DELIVERIES     | ACCUMULATED DELIVERIES |         COSTS          | LOCKER STATUS |
 t   | home    lckr | pf     oc     lckr | pf       oc       lckr | pf       oc        ACC | home     lckr |
------------------------------------------------------------------------------------------------------------
 1   | 16      17   | 0      0      0    | 0        0        0    | 0,0     0,0        0,0 | 16       17   |
 2   | 17      19   | 6      10     15   | 6        10       15   | 6,0     10,0      16,0 | 17       21   |
 3   | 9       12   | 7      10     20   | 13       20       35   | 7,0     10,0      33,0 | 9        13   |
 4   | 16      17   | 7      2      8    | 20       22       43   | 7,0     2,0       42,0 | 16       22   |
 5   | 13      21   | 4      12     18   | 24       34       61   | 4,0     12,0      58,0 | 13       25   |
 6   | 19      18   | 5      8      18   | 29       42       79   | 5,0     8,0       71,0 | 19       25   |
 7   | 26      21   | 7      12     18   | 36       54       97   | 7,0     12,0      90,0 | 26       28   |
 8   | 22      20   | 16     10     19   | 52       64       116  | 22,0    10,0     122,0 | 22       29   |
 9   | 18      12   | 14     8      25   | 66       72       141  | 18,0    8,0      148,0 | 18       16   |
 10  | 30      19   | 7      11     13   | 73       83       154  | 7,0     11,0     166,0 | 30       22   |
 11  | 32      17   | 20     10     20   | 93       93       174  | 30,0    10,0     206,0 | 32       19   |
 12  | 8       2    | 23     9      17   | 116      102      191  | 36,0    9,0      251,0 | 8        4    |
 13  | 32      13   | 6      2      2    | 122      104      193  | 6,0     2,0      259,0 | 32       15   |
 14  | 25      19   | 25     7      13   | 147      111      206  | 40,0    7,0      306,0 | 25       21   |
 15  | 15      15   | 14     11     17   | 161      122      223  | 18,0    11,0     335,0 | 15       19   |
 16  | 14      8    | 5      10     15   | 166      132      238  | 5,0     10,0     350,0 | 14       12   |
 17  | 19      28   | 10     4      10   | 176      136      248  | 10,0    4,0      364,0 | 19       30   |
 18  | 18      25   | 6      13     22   | 182      149      270  | 6,0     13,0     383,0 | 18       33   |
 19  | 16      12   | 5      13     20   | 187      162      290  | 5,0     13,0     401,0 | 16       25   |
 20  | 21      10   | 7      9      16   | 194      171      306  | 7,0     9,0      417,0 | 21       19   |
 21  | 13      11   | 15     6      13   | 209      177      319  | 20,0    6,0      443,0 | 13       17   |
 22  | 30      19   | 9      4      13   | 218      181      332  | 9,0     4,0      456,0 | 30       23   |
 23  | 7       7    | 19     11     17   | 237      192      349  | 28,0    11,0     495,0 | 7        13   |
 24  | 20      19   | 5      2      9    | 242      194      358  | 5,0     2,0      502,0 | 20       23   |
 25  | 6       11   | 11     9      15   | 253      203      373  | 12,0    9,0      523,0 | 6        19   |
 26  | 12      9    | 0      6      15   | 253      209      388  | 0,0     6,0      529,0 | 12       13   |
 27  | 19      31   | 6      6      9    | 259      215      397  | 6,0     6,0      541,0 | 19       35   |
 28  | 10      11   | 8      11     28   | 267      226      425  | 8,0     11,0     560,0 | 10       18   |
 29  | 13      18   | 7      3      11   | 274      229      436  | 7,0     3,0      570,0 | 13       25   |
 30  | 4       6    | 1      12     20   | 275      241      456  | 1,0     12,0     583,0 | 4        11   |
 31  | 11      10   | 0      4      7    | 275      245      463  | 0,0     4,0      587,0 | 11       14   |
 32  | 31      19   | 7      4      11   | 282      249      474  | 7,0     4,0      598,0 | 31       22   |
 33  | 10      4    | 25     6      13   | 307      255      487  | 40,0    6,0      644,0 | 10       13   |
 34  | 11      21   | 5      5      10   | 312      260      497  | 5,0     5,0      654,0 | 11       24   |
 35  | 11      12   | 3      8      17   | 315      268      514  | 3,0     8,0      665,0 | 11       19   |
 36  | 18      23   | 1      10     16   | 316      278      530  | 1,0     10,0     676,0 | 18       26   |
 37  | 5       13   | 7      11     20   | 323      289      550  | 7,0     11,0     694,0 | 5        19   |
 38  | 15      16   | 0      5      15   | 323      294      565  | 0,0     5,0      699,0 | 15       20   |
 39  | 21      22   | 7      8      14   | 330      302      579  | 7,0     8,0      714,0 | 21       28   |
 40  | 6       11   | 12     9      16   | 342      311      595  | 14,0    9,0      737,0 | 6        23   |
 41  | 13      11   | 0      6      23   | 342      317      618  | 0,0     6,0      743,0 | 13       11   |
 42  | 16      16   | 8      5      8    | 350      322      626  | 8,0     5,0      756,0 | 16       19   |
 43  | 20      27   | 6      10     15   | 356      332      641  | 6,0     10,0     772,0 | 20       31   |
 44  | 15      19   | 8      12     22   | 364      344      663  | 8,0     12,0     792,0 | 15       28   |
 45  | 24      23   | 6      9      20   | 370      353      683  | 6,0     9,0      807,0 | 24       31   |
 46  | 20      19   | 8      16     23   | 378      369      706  | 8,0     16,0     831,0 | 20       27   |
 47  | 6       4    | 10     10     20   | 388      379      726  | 10,0    10,0     851,0 | 6        11   |
 48  | 12      19   | 4      2      5    | 392      381      731  | 4,0     2,0      857,0 | 12       25   |
 49  | 15      15   | 1      11     19   | 393      392      750  | 1,0     11,0     869,0 | 15       21   |
 50  | 8       4    | 10     5      17   | 403      397      767  | 10,0    5,0      884,0 | 8        8    |
 51  | 18      17   | 5      3      6    | 408      400      773  | 5,0     3,0      892,0 | 18       19   |
 52  | 16      15   | 11     7      11   | 419      407      784  | 12,0    7,0      911,0 | 16       23   |
 53  | 20      23   | 6      10     20   | 425      417      804  | 6,0     10,0     927,0 | 20       26   |
 54  | 16      21   | 16     4      18   | 441      421      822  | 22,0    4,0      953,0 | 16       29   |
 55  | 29      19   | 7      9      18   | 448      430      840  | 7,0     9,0      969,0 | 29       30   |
 56  | 23      23   | 22     7      18   | 470      437      858  | 34,0    7,0     1010,0 | 23       35   |
 57  | 14      10   | 9      14     25   | 479      451      883  | 9,0     14,0    1033,0 | 14       20   |
 58  | 15      9    | 8      6      14   | 487      457      897  | 8,0     6,0     1047,0 | 15       15   |
 59  | 18      25   | 9      6      11   | 496      463      908  | 9,0     6,0     1062,0 | 18       29   |
 60  | 11      14   | 7      11     20   | 503      474      928  | 7,0     11,0    1080,0 | 11       23   |
 61  | 11      7    | 1      10     17   | 504      484      945  | 1,0     10,0    1091,0 | 11       13   |
 62  | 16      14   | 3      8      11   | 507      492      956  | 3,0     8,0     1102,0 | 16       16   |
 63  | 9       8    | 7      9      14   | 514      501      970  | 7,0     9,0     1118,0 | 9        10   |
 64  | 19      23   | 4      5      8    | 518      506      978  | 4,0     5,0     1127,0 | 19       25   |
 65  | 11      5    | 8      11     20   | 526      517      998  | 8,0     11,0    1146,0 | 11       10   |
 66  | 23      22   | 9      2      7    | 535      519      1005 | 9,0     2,0     1157,0 | 23       25   |
 67  | 12      13   | 12     11     18   | 547      530      1023 | 14,0    11,0    1182,0 | 12       20   |
 68  | 13      19   | 2      10     15   | 549      540      1038 | 2,0     10,0    1194,0 | 13       24   |
 69  | 12      10   | 5      8      20   | 554      548      1058 | 5,0     8,0     1207,0 | 12       14   |
 70  | 15      14   | 5      7      10   | 559      555      1068 | 5,0     7,0     1219,0 | 15       18   |
 71  | 19      17   | 11     4      12   | 570      559      1080 | 12,0    4,0     1235,0 | 19       23   |
 72  | 13      19   | 7      12     20   | 577      571      1100 | 7,0     12,0    1254,0 | 13       22   |
 73  | 24      22   | 4      9      19   | 581      580      1119 | 4,0     9,0     1267,0 | 24       25   |
 74  | 21      15   | 18     6      15   | 599      586      1134 | 26,0    6,0     1299,0 | 21       25   |
 75  | 7       8    | 10     11     20   | 609      597      1154 | 10,0    11,0    1320,0 | 7        13   |
 76  | 16      22   | 3      4      9    | 612      601      1163 | 3,0     4,0     1327,0 | 16       26   |
 77  | 13      19   | 7      9      22   | 619      610      1185 | 7,0     9,0     1343,0 | 13       23   |
 78  | 24      21   | 0      13     19   | 619      623      1204 | 0,0     13,0    1356,0 | 24       25   |
 79  | 16      11   | 12     12     21   | 631      635      1225 | 14,0    12,0    1382,0 | 16       15   |
 80  | 6       8    | 12     4      9    | 643      639      1234 | 14,0    4,0     1400,0 | 6        14   |
 81  | 5       8    | 0      6      11   | 643      645      1245 | 0,0     6,0     1406,0 | 5        11   |
 82  | 17      21   | 0      5      7    | 643      650      1252 | 0,0     5,0     1411,0 | 17       25   |
 83  | 16      22   | 10     7      14   | 653      657      1266 | 10,0    7,0     1428,0 | 16       33   |
 84  | 20      16   | 0      16     27   | 653      673      1293 | 0,0     16,0    1444,0 | 20       22   |
 85  | 13      25   | 11     9      14   | 664      682      1307 | 12,0    9,0     1465,0 | 13       33   |
 86  | 17      26   | 0      13     24   | 664      695      1331 | 0,0     13,0    1478,0 | 17       35   |
 87  | 25      17   | 6      11     26   | 670      706      1357 | 6,0     11,0    1495,0 | 25       26   |
 88  | 4       10   | 17     8      20   | 687      714      1377 | 24,0    8,0     1527,0 | 4        16   |
 89  | 21      25   | 0      4      9    | 687      718      1386 | 0,0     4,0     1531,0 | 21       32   |
 90  | 20      16   | 5      16     24   | 692      734      1410 | 5,0     16,0    1552,0 | 20       24   |
 91  | 14      13   | 12     8      16   | 704      742      1426 | 14,0    8,0     1574,0 | 14       21   |
 92  | 7       3    | 7      7      16   | 711      749      1442 | 7,0     7,0     1588,0 | 7        8    |
 93  | 11      15   | 3      4      5    | 714      753      1447 | 3,0     4,0     1595,0 | 11       18   |
 94  | 6       7    | 6      5      16   | 720      758      1463 | 6,0     5,0     1606,0 | 6        9    |
 95  | 17      20   | 5      1      6    | 725      759      1469 | 5,0     1,0     1612,0 | 17       23   |
 96  | 13      11   | 6      11     19   | 731      770      1488 | 6,0     11,0    1629,0 | 13       15   |
 97  | 9       6    | 6      7      15   | 737      777      1503 | 6,0     7,0     1642,0 | 9        6    |
 98  | 12      10   | 6      3      5    | 743      780      1508 | 6,0     3,0     1651,0 | 12       11   |
 99  | 7       9    | 9      3      9    | 752      783      1517 | 9,0     3,0     1663,0 | 7        11   |
 100 | 5       11   | 3      4      8    | 755      787      1525 | 3,0     4,0     1670,0 | 5        14   |
 101 | 15      18   | 2      3      11   | 757      790      1536 | 2,0     3,0     1675,0 | 15       21   |
 102 | 9       15   | 8      7      16   | 765      797      1552 | 8,0     7,0     1690,0 | 9        20   |
 103 | 10      8    | 2      7      15   | 767      804      1567 | 2,0     7,0     1699,0 | 10       13   |
 104 | 5       7    | 6      4      11   | 773      808      1578 | 6,0     4,0     1709,0 | 5        9    |
 105 | 7       8    | 2      3      8    | 775      811      1586 | 2,0     3,0     1714,0 | 7        9    |
 106 | 13      12   | 2      5      8    | 777      816      1594 | 2,0     5,0     1721,0 | 13       13   |
 107 | 6       5    | 7      6      10   | 784      822      1604 | 7,0     6,0     1734,0 | 6        8    |
 108 | 10      8    | 6      0      6    | 790      822      1610 | 6,0     0,0     1740,0 | 10       10   |
 109 | 16      14   | 7      3      8    | 797      825      1618 | 7,0     3,0     1750,0 | 16       16   |
 110 | 21      18   | 10     6      12   | 807      831      1630 | 10,0    6,0     1766,0 | 21       22   |
 111 | 10      13   | 10     11     17   | 817      842      1647 | 10,0    11,0    1787,0 | 10       18   |
 112 | 26      16   | 2      8      11   | 819      850      1658 | 2,0     8,0     1797,0 | 26       23   |
 113 | 11      7    | 20     6      17   | 839      856      1675 | 30,0    6,0     1833,0 | 11       13   |
 114 | 21      13   | 6      5      12   | 845      861      1687 | 6,0     5,0     1844,0 | 21       14   |
 115 | 16      26   | 17     4      11   | 862      865      1698 | 24,0    4,0     1872,0 | 16       29   |
 116 | 5       7    | 4      12     21   | 866      877      1719 | 4,0     12,0    1888,0 | 5        15   |
 117 | 7       3    | 1      4      12   | 867      881      1731 | 1,0     4,0     1893,0 | 7        6    |
 118 | 14      24   | 4      3      4    | 871      884      1735 | 4,0     3,0     1900,0 | 14       26   |
 119 | 11      7    | 0      14     22   | 871      898      1757 | 0,0     14,0    1914,0 | 11       11   |
 120 | 4       6    | 5      6      8    | 876      904      1765 | 5,0     6,0     1925,0 | 4        9    |
--------------------
Compensation: 1.0€
OC probability: 50%

Total cost: (1945,0 ; 1949,7)

Maximum number of packages stored: (59 ; 59)

------------------------------------------------------------------------------------------------------------
Test id: 4
Note: This are the results from a SINGLE observation using the following values
Compensation: 1.5€
OC probability: 60%


 DAY | NEW PACKAGES |     DELIVERIES     | ACCUMULATED DELIVERIES |         COSTS          | LOCKER STATUS |
 t   | home    lckr | pf     oc     lckr | pf       oc       lckr | pf       oc        ACC | home     lckr |
------------------------------------------------------------------------------------------------------------
 1   | 12      6    | 0      0      0    | 0        0        0    | 0,0     0,0        0,0 | 12       6    |
 2   | 20      26   | 8      4      4    | 8        4        4    | 8,0     6,0       14,0 | 20       28   |
 3   | 10      19   | 3      17     22   | 11       21       26   | 3,0     25,5      42,5 | 10       25   |
 4   | 24      15   | 0      10     19   | 11       31       45   | 0,0     15,0      57,5 | 24       21   |
 5   | 10      10   | 9      15     20   | 20       46       65   | 9,0     22,5      89,0 | 10       11   |
 6   | 25      16   | 5      5      7    | 25       51       72   | 5,0     7,5      101,5 | 25       20   |
 7   | 5       7    | 16     9      14   | 41       60       86   | 22,0    13,5     137,0 | 5        13   |
 8   | 12      13   | 0      5      9    | 41       65       95   | 0,0     7,5      144,5 | 12       17   |
 9   | 9       15   | 8      4      10   | 49       69       105  | 8,0     6,0      158,5 | 9        22   |
 10  | 5       8    | 0      9      18   | 49       78       123  | 0,0     13,5     172,0 | 5        12   |
 11  | 8       8    | 0      5      9    | 49       83       132  | 0,0     7,5      179,5 | 8        11   |
 12  | 13      21   | 4      4      7    | 53       87       139  | 4,0     6,0      189,5 | 13       25   |
 13  | 23      14   | 5      8      16   | 58       95       155  | 5,0     12,0     206,5 | 23       23   |
 14  | 19      15   | 16     7      14   | 74       102      169  | 22,0    10,5     239,0 | 19       24   |
 15  | 14      20   | 3      16     21   | 77       118      190  | 3,0     24,0     266,0 | 14       23   |
 16  | 17      19   | 6      8      17   | 83       126      207  | 6,0     12,0     284,0 | 17       25   |
 17  | 14      12   | 8      9      18   | 91       135      225  | 8,0     13,5     305,5 | 14       19   |
 18  | 9       15   | 6      8      13   | 97       143      238  | 6,0     12,0     323,5 | 9        21   |
 19  | 8       7    | 0      9      19   | 97       152      257  | 0,0     13,5     337,0 | 8        9    |
 20  | 7       4    | 4      4      7    | 101      156      264  | 4,0     6,0      347,0 | 7        6    |
 21  | 14      18   | 5      2      3    | 106      158      267  | 5,0     3,0      355,0 | 14       21   |
 22  | 13      10   | 6      8      16   | 112      166      283  | 6,0     12,0     373,0 | 13       15   |
 23  | 9       5    | 9      4      8    | 121      170      291  | 9,0     6,0      388,0 | 9        12   |
 24  | 14      15   | 5      4      8    | 126      174      299  | 5,0     6,0      399,0 | 14       19   |
 25  | 16      12   | 1      13     15   | 127      187      314  | 1,0     19,5     419,5 | 16       16   |
 26  | 7       5    | 4      12     16   | 131      199      330  | 4,0     18,0     441,5 | 7        5    |
 27  | 10      7    | 6      1      2    | 137      200      332  | 6,0     1,5      449,0 | 10       10   |
 28  | 16      20   | 5      5      8    | 142      205      340  | 5,0     7,5      461,5 | 16       22   |
 29  | 21      28   | 8      8      16   | 150      213      356  | 8,0     12,0     481,5 | 21       34   |
 30  | 7       6    | 1      20     28   | 151      233      384  | 1,0     30,0     512,5 | 7        12   |
 31  | 9       13   | 1      6      7    | 152      239      391  | 1,0     9,0      522,5 | 9        18   |
 32  | 15      23   | 0      9      15   | 152      248      406  | 0,0     13,5     536,0 | 15       26   |
 33  | 9       12   | 4      11     19   | 156      259      425  | 4,0     16,5     556,5 | 9        19   |
 34  | 19      28   | 0      9      16   | 156      268      441  | 0,0     13,5     570,0 | 19       31   |
 35  | 17      14   | 7      12     23   | 163      280      464  | 7,0     18,0     595,0 | 17       22   |
 36  | 20      17   | 9      8      13   | 172      288      477  | 9,0     12,0     616,0 | 20       26   |
 37  | 27      22   | 11     9      20   | 183      297      497  | 12,0    13,5     641,5 | 27       28   |
 38  | 23      24   | 16     11     20   | 199      308      517  | 22,0    16,5     680,0 | 23       32   |
 39  | 18      13   | 11     12     22   | 210      320      539  | 12,0    18,0     710,0 | 18       23   |
 40  | 11      8    | 5      13     22   | 215      333      561  | 5,0     19,5     734,5 | 11       9    |
 41  | 14      7    | 8      3      9    | 223      336      570  | 8,0     4,5      747,0 | 14       7    |
 42  | 26      18   | 12     2      3    | 235      338      573  | 14,0    3,0      764,0 | 26       22   |
 43  | 23      15   | 14     12     19   | 249      350      592  | 18,0    18,0     800,0 | 23       18   |
 44  | 6       10   | 15     8      14   | 264      358      606  | 20,0    12,0     832,0 | 6        14   |
 45  | 12      17   | 0      6      10   | 264      364      616  | 0,0     9,0      841,0 | 12       21   |
 46  | 21      25   | 2      10     14   | 266      374      630  | 2,0     15,0     858,0 | 21       32   |
 47  | 11      7    | 8      13     22   | 274      387      652  | 8,0     19,5     885,5 | 11       17   |
 48  | 16      17   | 2      9      14   | 276      396      666  | 2,0     13,5     901,0 | 16       20   |
 49  | 14      18   | 4      12     15   | 280      408      681  | 4,0     18,0     923,0 | 14       23   |
 50  | 11      12   | 0      14     18   | 280      422      699  | 0,0     21,0     944,0 | 11       17   |
 51  | 22      26   | 5      6      13   | 285      428      712  | 5,0     9,0      958,0 | 22       30   |
 52  | 19      21   | 8      14     23   | 293      442      735  | 8,0     21,0     987,0 | 19       28   |
 53  | 14      13   | 1      18     20   | 294      460      755  | 1,0     27,0    1015,0 | 14       21   |
 54  | 7       8    | 4      10     17   | 298      470      772  | 4,0     15,0    1034,0 | 7        12   |
 55  | 14      18   | 0      7      11   | 298      477      783  | 0,0     10,5    1044,5 | 14       19   |
 56  | 8       26   | 6      8      14   | 304      485      797  | 6,0     12,0    1062,5 | 8        31   |
 57  | 13      9    | 0      8      26   | 304      493      823  | 0,0     12,0    1074,5 | 13       14   |
 58  | 24      24   | 4      9      13   | 308      502      836  | 4,0     13,5    1092,0 | 24       25   |
 59  | 19      19   | 14     10     20   | 322      512      856  | 18,0    15,0    1125,0 | 19       24   |
 60  | 18      12   | 8      11     21   | 330      523      877  | 8,0     16,5    1149,5 | 18       15   |
 61  | 6       14   | 11     7      10   | 341      530      887  | 12,0    10,5    1172,0 | 6        19   |
 62  | 18      24   | 0      6      15   | 341      536      902  | 0,0     9,0     1181,0 | 18       28   |
 63  | 5       9    | 6      12     22   | 347      548      924  | 6,0     18,0    1205,0 | 5        15   |
 64  | 13      14   | 0      5      12   | 347      553      936  | 0,0     7,5     1212,5 | 13       17   |
 65  | 14      12   | 7      6      12   | 354      559      948  | 7,0     9,0     1228,5 | 14       17   |
 66  | 15      12   | 7      7      12   | 361      566      960  | 7,0     10,5    1246,0 | 15       17   |
 67  | 6       13   | 5      10     14   | 366      576      974  | 5,0     15,0    1266,0 | 6        16   |
 68  | 15      16   | 0      6      13   | 366      582      987  | 0,0     9,0     1275,0 | 15       19   |
 69  | 5       5    | 8      7      13   | 374      589      1000 | 8,0     10,5    1293,5 | 5        11   |
 70  | 7       4    | 0      5      10   | 374      594      1010 | 0,0     7,5     1301,0 | 7        5    |
 71  | 8       5    | 6      1      3    | 380      595      1013 | 6,0     1,5     1308,5 | 8        7    |
 72  | 19      24   | 2      6      7    | 382      601      1020 | 2,0     9,0     1319,5 | 19       24   |
 73  | 8       11   | 6      13     18   | 388      614      1038 | 6,0     19,5    1345,0 | 8        17   |
 74  | 6       9    | 3      5      14   | 391      619      1052 | 3,0     7,5     1355,5 | 6        12   |
 75  | 27      23   | 1      5      8    | 392      624      1060 | 1,0     7,5     1364,0 | 27       27   |
 76  | 33      14   | 15     12     21   | 407      636      1081 | 20,0    18,0    1402,0 | 33       20   |
 77  | 24      21   | 25     8      12   | 432      644      1093 | 40,0    12,0    1454,0 | 24       29   |
 78  | 10      11   | 12     12     22   | 444      656      1115 | 14,0    18,0    1486,0 | 10       18   |
 79  | 13      14   | 1      9      14   | 445      665      1129 | 1,0     13,5    1500,5 | 13       18   |
 80  | 9       12   | 7      6      12   | 452      671      1141 | 7,0     9,0     1516,5 | 9        18   |
 81  | 29      21   | 3      6      15   | 455      677      1156 | 3,0     9,0     1528,5 | 29       24   |
 82  | 22      16   | 16     13     18   | 471      690      1174 | 22,0    19,5    1570,0 | 22       22   |
 83  | 23      13   | 13     9      16   | 484      699      1190 | 16,0    13,5    1599,5 | 23       19   |
 84  | 21      25   | 8      15     16   | 492      714      1206 | 8,0     22,5    1630,0 | 21       28   |
 85  | 9       12   | 11     10     17   | 503      724      1223 | 12,0    15,0    1657,0 | 9        23   |
 86  | 20      13   | 0      9      18   | 503      733      1241 | 0,0     13,5    1670,5 | 20       18   |
 87  | 25      19   | 10     10     13   | 513      743      1254 | 10,0    15,0    1695,5 | 25       24   |
 88  | 18      21   | 17     8      18   | 530      751      1272 | 24,0    12,0    1731,5 | 18       27   |
 89  | 22      15   | 9      9      17   | 539      760      1289 | 9,0     13,5    1754,0 | 22       25   |
 90  | 17      16   | 10     12     18   | 549      772      1307 | 10,0    18,0    1782,0 | 17       23   |
 91  | 13      20   | 5      12     18   | 554      784      1325 | 5,0     18,0    1805,0 | 13       25   |
 92  | 12      16   | 2      11     18   | 556      795      1343 | 2,0     16,5    1823,5 | 12       23   |
 93  | 8       20   | 2      10     15   | 558      805      1358 | 2,0     15,0    1840,5 | 8        28   |
 94  | 4       6    | 0      8      21   | 558      813      1379 | 0,0     12,0    1852,5 | 4        13   |
 95  | 18      20   | 0      4      9    | 558      817      1388 | 0,0     6,0     1858,5 | 18       24   |
 96  | 14      21   | 5      13     20   | 563      830      1408 | 5,0     19,5    1883,0 | 14       25   |
 97  | 7       14   | 7      7      17   | 570      837      1425 | 7,0     10,5    1900,5 | 7        22   |
 98  | 14      12   | 0      7      18   | 570      844      1443 | 0,0     10,5    1911,0 | 14       16   |
 99  | 7       16   | 6      8      15   | 576      852      1458 | 6,0     12,0    1929,0 | 7        17   |
 100 | 17      17   | 1      6      14   | 577      858      1472 | 1,0     9,0     1939,0 | 17       20   |
 101 | 24      26   | 10     7      14   | 587      865      1486 | 10,0    10,5    1959,5 | 24       32   |
 102 | 13      12   | 3      21     28   | 590      886      1514 | 3,0     31,5    1994,0 | 13       16   |
 103 | 9       6    | 7      6      13   | 597      892      1527 | 7,0     9,0     2010,0 | 9        9    |
 104 | 24      20   | 3      6      8    | 600      898      1535 | 3,0     9,0     2022,0 | 24       21   |
 105 | 10      3    | 13     11     17   | 613      909      1552 | 16,0    16,5    2054,5 | 10       7    |
 106 | 28      20   | 6      4      6    | 619      913      1558 | 6,0     6,0     2066,5 | 28       21   |
 107 | 6       11   | 16     12     20   | 635      925      1578 | 22,0    18,0    2106,5 | 6        12   |
 108 | 4       8    | 3      3      11   | 638      928      1589 | 3,0     4,5     2114,0 | 4        9    |
 109 | 16      21   | 0      4      6    | 638      932      1595 | 0,0     6,0     2120,0 | 16       24   |
 110 | 22      20   | 2      14     20   | 640      946      1615 | 2,0     21,0    2143,0 | 22       24   |
 111 | 20      21   | 14     8      15   | 654      954      1630 | 18,0    12,0    2173,0 | 20       30   |
 112 | 21      19   | 9      11     21   | 663      965      1651 | 9,0     16,5    2198,5 | 21       28   |
 113 | 14      4    | 10     11     21   | 673      976      1672 | 10,0    16,5    2225,0 | 14       11   |
 114 | 7       13   | 10     4      7    | 683      980      1679 | 10,0    6,0     2241,0 | 7        17   |
 115 | 18      16   | 0      7      9    | 683      987      1688 | 0,0     10,5    2251,5 | 18       24   |
 116 | 22      25   | 3      15     22   | 686      1002     1710 | 3,0     22,5    2277,0 | 22       27   |
 117 | 9       21   | 7      15     20   | 693      1017     1730 | 7,0     22,5    2306,5 | 9        28   |
 118 | 18      20   | 0      9      18   | 693      1026     1748 | 0,0     13,5    2320,0 | 18       30   |
 119 | 22      16   | 1      17     25   | 694      1043     1773 | 1,0     25,5    2346,5 | 22       21   |
 120 | 15      4    | 8      14     18   | 702      1057     1791 | 8,0     21,0    2375,5 | 15       7    |
--------------------
Compensation: 1.5€
OC probability: 60%

Total cost: (2405,8 ; 2411,0)

Maximum number of packages stored: (59 ; 59)

------------------------------------------------------------------------------------------------------------
Test id: 5
Note: This are the results from a SINGLE observation using the following values
Compensation: 1.8€
OC probability: 75%


 DAY | NEW PACKAGES |     DELIVERIES     | ACCUMULATED DELIVERIES |         COSTS          | LOCKER STATUS |
 t   | home    lckr | pf     oc     lckr | pf       oc       lckr | pf       oc        ACC | home     lckr |
------------------------------------------------------------------------------------------------------------
 1   | 5       5    | 0      0      0    | 0        0        0    | 0,0     0,0        0,0 | 5        5    |
 2   | 25      22   | 3      2      3    | 3        2        3    | 3,0     3,6        6,6 | 25       24   |
 3   | 17      19   | 9      16     20   | 12       18       23   | 9,0     28,8      44,4 | 17       23   |
 4   | 11      17   | 2      15     17   | 14       33       40   | 2,0     27,0      73,4 | 11       23   |
 5   | 15      21   | 0      11     18   | 14       44       58   | 0,0     19,8      93,2 | 15       26   |
 6   | 22      19   | 0      15     21   | 14       59       79   | 0,0     27,0     120,2 | 22       24   |
 7   | 22      23   | 9      13     18   | 23       72       97   | 9,0     23,4     152,6 | 22       29   |
 8   | 20      21   | 3      19     24   | 26       91       121  | 3,0     34,2     189,8 | 20       26   |
 9   | 11      18   | 7      13     21   | 33       104      142  | 7,0     23,4     220,2 | 11       23   |
 10  | 4       11   | 0      11     16   | 33       115      158  | 0,0     19,8     240,0 | 4        18   |
 11  | 9       3    | 0      4      15   | 33       119      173  | 0,0     7,2      247,2 | 9        6    |
 12  | 28      17   | 7      2      4    | 40       121      177  | 7,0     3,6      257,8 | 28       19   |
 13  | 21      19   | 20     8      12   | 60       129      189  | 30,0    14,4     302,2 | 21       26   |
 14  | 9       12   | 8      13     18   | 68       142      207  | 8,0     23,4     333,6 | 9        20   |
 15  | 19      14   | 0      9      17   | 68       151      224  | 0,0     16,2     349,8 | 19       17   |
 16  | 19      16   | 8      11     12   | 76       162      236  | 8,0     19,8     377,6 | 19       21   |
 17  | 22      28   | 9      10     12   | 85       172      248  | 9,0     18,0     404,6 | 22       37   |
 18  | 19      17   | 4      18     25   | 89       190      273  | 4,0     32,4     441,0 | 19       29   |
 19  | 12      14   | 0      19     27   | 89       209      300  | 0,0     34,2     475,2 | 12       16   |
 20  | 18      9    | 5      7      10   | 94       216      310  | 5,0     12,6     492,8 | 18       15   |
 21  | 14      18   | 13     5      9    | 107      221      319  | 16,0    9,0      517,8 | 14       24   |
 22  | 10      12   | 0      14     15   | 107      235      334  | 0,0     25,2     543,0 | 10       21   |
 23  | 14      6    | 0      10     19   | 107      245      353  | 0,0     18,0     561,0 | 14       8    |
 24  | 18      19   | 11     3      6    | 118      248      359  | 12,0    5,4      578,4 | 18       21   |
 25  | 10      13   | 12     6      11   | 130      254      370  | 14,0    10,8     603,2 | 10       23   |
 26  | 11      13   | 0      10     19   | 130      264      389  | 0,0     18,0     621,2 | 11       17   |
 27  | 8       10   | 5      6      9    | 135      270      398  | 5,0     10,8     637,0 | 8        18   |
 28  | 15      19   | 1      7      13   | 136      277      411  | 1,0     12,6     650,6 | 15       24   |
 29  | 19      21   | 2      13     17   | 138      290      428  | 2,0     23,4     676,0 | 19       28   |
 30  | 10      7    | 4      15     22   | 142      305      450  | 4,0     27,0     707,0 | 10       13   |
 31  | 14      26   | 0      10     12   | 142      315      462  | 0,0     18,0     725,0 | 14       27   |
 32  | 21      18   | 0      14     22   | 142      329      484  | 0,0     25,2     750,2 | 21       23   |
 33  | 4       6    | 9      12     15   | 151      341      499  | 9,0     21,6     780,8 | 4        14   |
 34  | 15      13   | 0      4      12   | 151      345      511  | 0,0     7,2      788,0 | 15       15   |
 35  | 16      13   | 6      9      10   | 157      354      521  | 6,0     16,2     810,2 | 16       18   |
 36  | 17      22   | 5      11     12   | 162      365      533  | 5,0     19,8     835,0 | 17       28   |
 37  | 26      19   | 3      14     21   | 165      379      554  | 3,0     25,2     863,2 | 26       26   |
 38  | 9       11   | 9      17     20   | 174      396      574  | 9,0     30,6     902,8 | 9        17   |
 39  | 16      12   | 0      9      14   | 174      405      588  | 0,0     16,2     919,0 | 16       15   |
 40  | 15      22   | 8      8      11   | 182      413      599  | 8,0     14,4     941,4 | 15       26   |
 41  | 19      14   | 0      15     16   | 182      428      615  | 0,0     27,0     968,4 | 19       24   |
 42  | 20      15   | 3      16     23   | 185      444      638  | 3,0     28,8    1000,2 | 20       16   |
 43  | 12      7    | 10     10     15   | 195      454      653  | 10,0    18,0    1028,2 | 12       8    |
 44  | 17      17   | 7      5      7    | 202      459      660  | 7,0     9,0     1044,2 | 17       18   |
 45  | 14      17   | 3      14     14   | 205      473      674  | 3,0     25,2    1072,4 | 14       21   |
 46  | 19      21   | 0      14     20   | 205      487      694  | 0,0     25,2    1097,6 | 19       22   |
 47  | 17      20   | 4      15     18   | 209      502      712  | 4,0     27,0    1128,6 | 17       24   |
 48  | 12      12   | 4      13     15   | 213      515      727  | 4,0     23,4    1156,0 | 12       21   |
 49  | 18      20   | 0      12     16   | 213      527      743  | 0,0     21,6    1177,6 | 18       25   |
 50  | 30      12   | 3      15     18   | 216      542      761  | 3,0     27,0    1207,6 | 30       19   |
 51  | 9       10   | 21     9      12   | 237      551      773  | 32,0    16,2    1255,8 | 9        17   |
 52  | 3       10   | 0      9      16   | 237      560      789  | 0,0     16,2    1272,0 | 3        11   |
 53  | 4       9    | 0      3      9    | 237      563      798  | 0,0     5,4     1277,4 | 4        11   |
 54  | 16      12   | 0      4      8    | 237      567      806  | 0,0     7,2     1284,6 | 16       15   |
 55  | 17      31   | 9      7      10   | 246      574      816  | 9,0     12,6    1306,2 | 17       36   |
 56  | 14      18   | 0      17     28   | 246      591      844  | 0,0     30,6    1336,8 | 14       26   |
 57  | 22      27   | 0      14     20   | 246      605      864  | 0,0     25,2    1362,0 | 22       33   |
 58  | 14      24   | 1      21     27   | 247      626      891  | 1,0     37,8    1400,8 | 14       30   |
 59  | 17      16   | 0      14     22   | 247      640      913  | 0,0     25,2    1426,0 | 17       24   |
 60  | 23      24   | 5      12     20   | 252      652      933  | 5,0     21,6    1452,6 | 23       28   |
 61  | 13      7    | 6      17     19   | 258      669      952  | 6,0     30,6    1489,2 | 13       16   |
 62  | 20      17   | 5      8      12   | 263      677      964  | 5,0     14,4    1508,6 | 20       21   |
 63  | 3       9    | 7      13     15   | 270      690      979  | 7,0     23,4    1539,0 | 3        15   |
 64  | 16      23   | 0      3      12   | 270      693      991  | 0,0     5,4     1544,4 | 16       26   |
 65  | 19      13   | 5      11     22   | 275      704      1013 | 5,0     19,8    1569,2 | 19       17   |
 66  | 26      24   | 12     7      12   | 287      711      1025 | 14,0    12,6    1595,8 | 26       29   |
 67  | 4       7    | 7      19     23   | 294      730      1048 | 7,0     34,2    1637,0 | 4        13   |
 68  | 7       8    | 0      4      12   | 294      734      1060 | 0,0     7,2     1644,2 | 7        9    |
 69  | 6       5    | 0      7      8    | 294      741      1068 | 0,0     12,6    1656,8 | 6        6    |
 70  | 19      23   | 4      2      3    | 298      743      1071 | 4,0     3,6     1664,4 | 19       26   |
 71  | 25      22   | 4      15     21   | 302      758      1092 | 4,0     27,0    1695,4 | 25       27   |
 72  | 25      20   | 13     12     19   | 315      770      1111 | 16,0    21,6    1733,0 | 25       28   |
 73  | 7       6    | 6      19     23   | 321      789      1134 | 6,0     34,2    1773,2 | 7        11   |
 74  | 20      22   | 2      5      7    | 323      794      1141 | 2,0     9,0     1784,2 | 20       26   |
 75  | 18      22   | 7      13     16   | 330      807      1157 | 7,0     23,4    1814,6 | 18       32   |
 76  | 17      10   | 0      18     26   | 330      825      1183 | 0,0     32,4    1847,0 | 17       16   |
 77  | 8       7    | 7      10     12   | 337      835      1195 | 7,0     18,0    1872,0 | 8        11   |
 78  | 19      19   | 0      8      10   | 337      843      1205 | 0,0     14,4    1886,4 | 19       20   |
 79  | 16      13   | 4      15     16   | 341      858      1221 | 4,0     27,0    1917,4 | 16       17   |
 80  | 12      10   | 7      9      11   | 348      867      1232 | 7,0     16,2    1940,6 | 12       16   |
 81  | 18      16   | 1      11     12   | 349      878      1244 | 1,0     19,8    1961,4 | 18       20   |
 82  | 9       12   | 9      9      14   | 358      887      1258 | 9,0     16,2    1986,6 | 9        18   |
 83  | 22      26   | 0      9      14   | 358      896      1272 | 0,0     16,2    2002,8 | 22       30   |
 84  | 7       15   | 3      19     23   | 361      915      1295 | 3,0     34,2    2040,0 | 7        22   |
 85  | 9       14   | 0      7      16   | 361      922      1311 | 0,0     12,6    2052,6 | 9        20   |
 86  | 17      29   | 0      9      15   | 361      931      1326 | 0,0     16,2    2068,8 | 17       34   |
 87  | 13      21   | 0      17     26   | 361      948      1352 | 0,0     30,6    2099,4 | 13       29   |
 88  | 8       10   | 0      13     25   | 361      961      1377 | 0,0     23,4    2122,8 | 8        14   |
 89  | 21      14   | 1      7      10   | 362      968      1387 | 1,0     12,6    2136,4 | 21       18   |
 90  | 14      15   | 10     11     13   | 372      979      1400 | 10,0    19,8    2166,2 | 14       20   |
 91  | 22      28   | 5      9      12   | 377      988      1412 | 5,0     16,2    2187,4 | 22       36   |
 92  | 12      15   | 1      21     27   | 378      1009     1439 | 1,0     37,8    2226,2 | 12       24   |
 93  | 5       5    | 0      12     19   | 378      1021     1458 | 0,0     21,6    2247,8 | 5        10   |
 94  | 18      17   | 1      4      7    | 379      1025     1465 | 1,0     7,2     2256,0 | 18       20   |
 95  | 11      13   | 6      12     13   | 385      1037     1478 | 6,0     21,6    2283,6 | 11       20   |
 96  | 19      21   | 0      11     14   | 385      1048     1492 | 0,0     19,8    2303,4 | 19       27   |
 97  | 18      26   | 8      11     15   | 393      1059     1507 | 8,0     19,8    2331,2 | 18       38   |
 98  | 9       8    | 0      18     31   | 393      1077     1538 | 0,0     32,4    2363,6 | 9        15   |
 99  | 23      18   | 0      9      11   | 393      1086     1549 | 0,0     16,2    2379,8 | 23       22   |
 100 | 9       19   | 9      14     15   | 402      1100     1564 | 9,0     25,2    2414,0 | 9        26   |
 101 | 20      25   | 0      9      21   | 402      1109     1585 | 0,0     16,2    2430,2 | 20       30   |
 102 | 27      23   | 2      18     24   | 404      1127     1609 | 2,0     32,4    2464,6 | 27       29   |
 103 | 27      22   | 12     15     22   | 416      1142     1631 | 14,0    27,0    2505,6 | 27       29   |
 104 | 17      13   | 9      18     22   | 425      1160     1653 | 9,0     32,4    2547,0 | 17       20   |
 105 | 19      24   | 4      13     15   | 429      1173     1668 | 4,0     23,4    2574,4 | 19       29   |
 106 | 25      22   | 2      17     20   | 431      1190     1688 | 2,0     30,6    2607,0 | 25       31   |
 107 | 7       10   | 4      21     25   | 435      1211     1713 | 4,0     37,8    2648,8 | 7        16   |
 108 | 5       16   | 0      7      7    | 435      1218     1720 | 0,0     12,6    2661,4 | 5        25   |
 109 | 6       13   | 0      5      20   | 435      1223     1740 | 0,0     9,0     2670,4 | 6        18   |
 110 | 21      22   | 0      6      15   | 435      1229     1755 | 0,0     10,8    2681,2 | 21       25   |
 111 | 21      26   | 3      18     20   | 438      1247     1775 | 3,0     32,4    2716,6 | 21       31   |
 112 | 20      24   | 2      19     26   | 440      1266     1801 | 2,0     34,2    2752,8 | 20       29   |
 113 | 17      18   | 9      11     20   | 449      1277     1821 | 9,0     19,8    2781,6 | 17       27   |
 114 | 10      10   | 2      15     21   | 451      1292     1842 | 2,0     27,0    2810,6 | 10       16   |
 115 | 21      23   | 0      10     12   | 451      1302     1854 | 0,0     18,0    2828,6 | 21       27   |
 116 | 13      15   | 9      12     19   | 460      1314     1873 | 9,0     21,6    2859,2 | 13       23   |
 117 | 28      22   | 2      11     17   | 462      1325     1890 | 2,0     19,8    2881,0 | 28       28   |
 118 | 23      25   | 12     16     21   | 474      1341     1911 | 14,0    28,8    2923,8 | 23       32   |
 119 | 29      13   | 4      19     24   | 478      1360     1935 | 4,0     34,2    2962,0 | 29       21   |
 120 | 8       15   | 18     11     16   | 496      1371     1951 | 26,0    19,8    3007,8 | 8        20   |
--------------------
Compensation: 1.8€
OC probability: 75%

Total cost: (2830,9 ; 2836,6)

Maximum number of packages stored: (59 ; 59)

--------------------

Best compensation: 0.5€
OC probability: 25%

